# rho, eta, alpha
#  0.00126341039062, 1.05314561651e-05, 121.567059836
   0.014046239    0.000004086 3308.498110420
   0.013975525    0.000004108 3290.627594154
   0.013904835    0.000004130 3272.853603665
   0.013834172    0.000004153 3255.175617579
   0.013763541    0.000004175 3237.593117339
   0.013692947    0.000004197 3220.105587186
   0.013622393    0.000004219 3202.712514150
   0.013551885    0.000004241 3185.413388031
   0.013481427    0.000004264 3168.207701382
   0.013411022    0.000004286 3151.094949502
   0.013340676    0.000004308 3134.074630411
   0.013270392    0.000004330 3117.146244844
   0.013200175    0.000004352 3100.309296231
   0.013130030    0.000004374 3083.563290684
   0.013059960    0.000004396 3066.907736984
   0.012989969    0.000004419 3050.342146565
   0.012920063    0.000004441 3033.866033499
   0.012850245    0.000004463 3017.478914483
   0.012780519    0.000004485 3001.180308824
   0.012710890    0.000004507 2984.969738428
   0.012641362    0.000004529 2968.846727780
   0.012571938    0.000004551 2952.810803935
   0.012502624    0.000004573 2936.861496502
   0.012433423    0.000004595 2920.998337633
   0.012364340    0.000004617 2905.220862004
   0.012295378    0.000004639 2889.528606806
   0.012226541    0.000004660 2873.921111730
   0.012157834    0.000004682 2858.397918952
   0.012089260    0.000004704 2842.958573122
   0.012020824    0.000004726 2827.602621349
   0.011952529    0.000004748 2812.329613189
   0.011884379    0.000004769 2797.139100630
   0.011816379    0.000004791 2782.030638080
   0.011748531    0.000004813 2767.003782356
   0.011680841    0.000004834 2752.058092665
   0.011613311    0.000004856 2737.193130598
   0.011545945    0.000004877 2722.408460113
   0.011478748    0.000004899 2707.703647523
   0.011411722    0.000004920 2693.078261483
   0.011344871    0.000004941 2678.531872980
   0.011278200    0.000004963 2664.064055315
   0.011211711    0.000004984 2649.674384097
   0.011145408    0.000005005 2635.362437226
   0.011079294    0.000005027 2621.127794881
   0.011013374    0.000005048 2606.970039510
   0.010947650    0.000005069 2592.888755815
   0.010882126    0.000005090 2578.883530743
   0.010816805    0.000005111 2564.953953471
   0.010751691    0.000005132 2551.099615395
   0.010686786    0.000005153 2537.320110117
   0.010622094    0.000005174 2523.615033437
   0.010557618    0.000005194 2509.983983335
   0.010493361    0.000005215 2496.426559966
   0.010429326    0.000005236 2482.942365640
   0.010365517    0.000005256 2469.531004820
   0.010301935    0.000005277 2456.192084102
   0.010238585    0.000005297 2442.925212208
   0.010175469    0.000005318 2429.729999974
   0.010112590    0.000005338 2416.606060339
   0.010049950    0.000005359 2403.553008329
   0.009987553    0.000005379 2390.570461053
   0.009925400    0.000005399 2377.658037686
   0.009863496    0.000005419 2364.815359462
   0.009801841    0.000005439 2352.042049659
   0.009740440    0.000005459 2339.337733591
   0.009679294    0.000005479 2326.702038594
   0.009618406    0.000005499 2314.134594020
   0.009557777    0.000005519 2301.635031220
   0.009497412    0.000005539 2289.202983538
   0.009437311    0.000005558 2276.838086299
   0.009377477    0.000005578 2264.539976795
   0.009317913    0.000005598 2252.308294279
   0.009258619    0.000005617 2240.142679953
   0.009199600    0.000005636 2228.042776957
   0.009140856    0.000005656 2216.008230357
   0.009082389    0.000005675 2204.038687137
   0.009024201    0.000005694 2192.133796188
   0.008966295    0.000005713 2180.293208297
   0.008908673    0.000005732 2168.516576139
   0.008851334    0.000005751 2156.803554262
   0.008794283    0.000005770 2145.153799082
   0.008737520    0.000005789 2133.566968871
   0.008681047    0.000005808 2122.042723746
   0.008624865    0.000005826 2110.580725659
   0.008568976    0.000005845 2099.180638390
   0.008513382    0.000005863 2087.842127533
   0.008458083    0.000005882 2076.564860491
   0.008403082    0.000005900 2065.348506460
   0.008348379    0.000005918 2054.192736425
   0.008293976    0.000005937 2043.097223149
   0.008239874    0.000005955 2032.061641160
   0.008186074    0.000005973 2021.085666745
   0.008132577    0.000005991 2010.168977940
   0.008079384    0.000006009 1999.311254520
   0.008026497    0.000006026 1988.512177990
   0.007973916    0.000006044 1977.771431574
   0.007921642    0.000006062 1967.088700208
   0.007869676    0.000006079 1956.463670530
   0.007818018    0.000006097 1945.896030870
   0.007766670    0.000006114 1935.385471241
   0.007715632    0.000006132 1924.931683331
   0.007664905    0.000006149 1914.534360495
   0.007614489    0.000006166 1904.193197741
   0.007564385    0.000006183 1893.907891727
   0.007514593    0.000006200 1883.678140747
   0.007465115    0.000006217 1873.503644728
   0.007415949    0.000006234 1863.384105215
   0.007367097    0.000006251 1853.319225366
   0.007318559    0.000006267 1843.308709943
   0.007270335    0.000006284 1833.352265301
   0.007222425    0.000006300 1823.449599383
   0.007174830    0.000006317 1813.600421708
   0.007127550    0.000006333 1803.804443365
   0.007080584    0.000006349 1794.061377004
   0.007033933    0.000006366 1784.370936826
   0.006987596    0.000006382 1774.732838575
   0.006941574    0.000006398 1765.146799532
   0.006895867    0.000006414 1755.612538505
   0.006850474    0.000006429 1746.129775820
   0.006805395    0.000006445 1736.698233313
   0.006760630    0.000006461 1727.317634325
   0.006716179    0.000006476 1717.987703688
   0.006672041    0.000006492 1708.708167724
   0.006628216    0.000006507 1699.478754230
   0.006584703    0.000006523 1690.299192475
   0.006541503    0.000006538 1681.169213190
   0.006498614    0.000006553 1672.088548560
   0.006456036    0.000006568 1663.056932217
   0.006413769    0.000006583 1654.074099231
   0.006371811    0.000006598 1645.139786105
   0.006330164    0.000006613 1636.253730764
   0.006288824    0.000006628 1627.415672547
   0.006247793    0.000006643 1618.625352203
   0.006207068    0.000006657 1609.882511881
   0.006166650    0.000006672 1601.186895122
   0.006126538    0.000006686 1592.538246854
   0.006086731    0.000006701 1583.936313380
   0.006047227    0.000006715 1575.380842375
   0.006008026    0.000006729 1566.871582877
   0.005969127    0.000006744 1558.408285280
   0.005930529    0.000006758 1549.990701325
   0.005892231    0.000006772 1541.618584093
   0.005854232    0.000006786 1533.291688002
   0.005816531    0.000006799 1525.009768794
   0.005779127    0.000006813 1516.772583531
   0.005742018    0.000006827 1508.579890586
   0.005705204    0.000006841 1500.431449640
   0.005668683    0.000006854 1492.327021670
   0.005632454    0.000006868 1484.266368943
   0.005596516    0.000006881 1476.249255013
   0.005560868    0.000006894 1468.275444709
   0.005525508    0.000006908 1460.344704130
   0.005490435    0.000006921 1452.456800641
   0.005455647    0.000006934 1444.611502861
   0.005421144    0.000006947 1436.808580659
   0.005386924    0.000006960 1429.047805149
   0.005352985    0.000006973 1421.328948679
   0.005319326    0.000006985 1413.651784827
   0.005285946    0.000006998 1406.016088396
   0.005252843    0.000007011 1398.421635402
   0.005220015    0.000007023 1390.868203075
   0.005187462    0.000007036 1383.355569845
   0.005155181    0.000007048 1375.883515339
   0.005123171    0.000007061 1368.451820377
   0.005091431    0.000007073 1361.060266959
   0.005059958    0.000007085 1353.708638266
   0.005028752    0.000007098 1346.396718648
   0.004997811    0.000007110 1339.124293621
   0.004967132    0.000007122 1331.891149858
   0.004936715    0.000007134 1324.697075186
   0.004906558    0.000007146 1317.541858578
   0.004876659    0.000007157 1310.425290144
   0.004847016    0.000007169 1303.347161132
   0.004817628    0.000007181 1296.307263914
   0.004788493    0.000007193 1289.305391985
   0.004759609    0.000007204 1282.341339956
   0.004730975    0.000007216 1275.414903546
   0.004702589    0.000007227 1268.525879578
   0.004674448    0.000007239 1261.674065974
   0.004646552    0.000007250 1254.859261743
   0.004618898    0.000007261 1248.081266986
   0.004591485    0.000007272 1241.339882878
   0.004564311    0.000007284 1234.634911671
   0.004537374    0.000007295 1227.966156684
   0.004510673    0.000007306 1221.333422300
   0.004484205    0.000007317 1214.736513957
   0.004457969    0.000007328 1208.175238143
   0.004431963    0.000007338 1201.649402394
   0.004406185    0.000007349 1195.158815283
   0.004380633    0.000007360 1188.703286419
   0.004355305    0.000007371 1182.282626438
   0.004330201    0.000007381 1175.896646999
   0.004305317    0.000007392 1169.545160779
   0.004280652    0.000007402 1163.227981466
   0.004256204    0.000007413 1156.944923755
   0.004231972    0.000007423 1150.695803342
   0.004207953    0.000007434 1144.480436918
   0.004184146    0.000007444 1138.298642163
   0.004160548    0.000007454 1132.150237745
   0.004137159    0.000007464 1126.035043308
   0.004113975    0.000007475 1119.952879472
   0.004090996    0.000007485 1113.903567826
   0.004068219    0.000007495 1107.886930923
   0.004045643    0.000007505 1101.902792271
   0.004023266    0.000007515 1095.950976337
   0.004001086    0.000007525 1090.031308531
   0.003979101    0.000007534 1084.143615210
   0.003957309    0.000007544 1078.287723665
   0.003935709    0.000007554 1072.463462123
   0.003914298    0.000007564 1066.670659739
   0.003893075    0.000007573 1060.909146587
   0.003872039    0.000007583 1055.178753663
   0.003851187    0.000007593 1049.479312874
   0.003830517    0.000007602 1043.810657035
   0.003810028    0.000007612 1038.172619865
   0.003789718    0.000007621 1032.565035979
   0.003769585    0.000007630 1026.987740888
   0.003749628    0.000007640 1021.440570989
   0.003729844    0.000007649 1015.923363564
   0.003710233    0.000007658 1010.435956775
   0.003690791    0.000007668 1004.978189656
   0.003671518    0.000007677  999.549902111
   0.003652412    0.000007686  994.150934909
   0.003633471    0.000007695  988.781129680
   0.003614693    0.000007704  983.440328909
   0.003596077    0.000007713  978.128375929
   0.003577620    0.000007722  972.845114924
   0.003559322    0.000007731  967.590390917
   0.003541181    0.000007740  962.364049766
   0.003523194    0.000007749  957.165938167
   0.003505361    0.000007758  951.995903639
   0.003487680    0.000007767  946.853794527
   0.003470148    0.000007776  941.739459994
   0.003452765    0.000007784  936.652750020
   0.003435529    0.000007793  931.593515393
   0.003418438    0.000007802  926.561607707
   0.003401491    0.000007811  921.556879359
   0.003384685    0.000007819  916.579183543
   0.003368021    0.000007828  911.628374244
   0.003351495    0.000007836  906.704306239
   0.003335107    0.000007845  901.806835087
   0.003318854    0.000007853  896.935817127
   0.003302736    0.000007862  892.091109476
   0.003286751    0.000007870  887.272570021
   0.003270898    0.000007879  882.480057417
   0.003255174    0.000007887  877.713431083
   0.003239579    0.000007896  872.972551196
   0.003224111    0.000007904  868.257278690
   0.003208769    0.000007912  863.567475249
   0.003193551    0.000007921  858.903003305
   0.003178455    0.000007929  854.263726032
   0.003163481    0.000007937  849.649507344
   0.003148628    0.000007945  845.060211889
   0.003133893    0.000007954  840.495705047
   0.003119275    0.000007962  835.955852924
   0.003104773    0.000007970  831.440522352
   0.003090386    0.000007978  826.949580878
   0.003076112    0.000007986  822.482896769
   0.003061950    0.000007994  818.040338999
   0.003047899    0.000008002  813.621777254
   0.003033958    0.000008010  809.227081921
   0.003020125    0.000008018  804.856124089
   0.003006399    0.000008026  800.508775540
   0.002992779    0.000008034  796.184908754
   0.002979263    0.000008042  791.884396894
   0.002965851    0.000008050  787.607113811
   0.002952541    0.000008058  783.352934039
   0.002939332    0.000008066  779.121732786
   0.002926223    0.000008074  774.913385937
   0.002913213    0.000008082  770.727770045
   0.002900300    0.000008090  766.564762332
   0.002887484    0.000008097  762.424240683
   0.002874763    0.000008105  758.306083640
   0.002862137    0.000008113  754.210170404
   0.002849604    0.000008121  750.136380827
   0.002837163    0.000008129  746.084595410
   0.002824814    0.000008136  742.054695300
   0.002812554    0.000008144  738.046562286
   0.002800384    0.000008152  734.060078796
   0.002788302    0.000008160  730.095127890
   0.002776307    0.000008167  726.151593264
   0.002764398    0.000008175  722.229359240
   0.002752574    0.000008183  718.328310764
   0.002740835    0.000008190  714.448333404
   0.002729179    0.000008198  710.589313348
   0.002717606    0.000008206  706.751137397
   0.002706114    0.000008213  702.933692963
   0.002694703    0.000008221  699.136868067
   0.002683372    0.000008229  695.360551335
   0.002672120    0.000008236  691.604631993
   0.002660945    0.000008244  687.868999869
   0.002649848    0.000008251  684.153545381
   0.002638828    0.000008259  680.458159544
   0.002627883    0.000008267  676.782733957
   0.002617013    0.000008274  673.127160808
   0.002606217    0.000008282  669.491332866
   0.002595495    0.000008289  665.875143479
   0.002584845    0.000008297  662.278486571
   0.002574267    0.000008304  658.701256641
   0.002563760    0.000008312  655.143348754
   0.002553323    0.000008319  651.604658544
   0.002542956    0.000008327  648.085082211
   0.002532659    0.000008334  644.584516511
   0.002522429    0.000008342  641.102858761
   0.002512267    0.000008349  637.640006831
   0.002502172    0.000008357  634.195859144
   0.002492144    0.000008364  630.770314671
   0.002482181    0.000008372  627.363272928
   0.002472284    0.000008379  623.974633975
   0.002462451    0.000008387  620.604298411
   0.002452682    0.000008394  617.252167372
   0.002442976    0.000008402  613.918142527
   0.002433333    0.000008409  610.602126079
   0.002423752    0.000008417  607.304020757
   0.002414233    0.000008424  604.023729816
   0.002404776    0.000008432  600.761157033
   0.002395379    0.000008439  597.516206705
   0.002386042    0.000008446  594.288783646
   0.002376764    0.000008454  591.078793185
   0.002367546    0.000008461  587.886141161
   0.002358386    0.000008469  584.710733923
   0.002349285    0.000008476  581.552478324
   0.002340241    0.000008484  578.411281721
   0.002331255    0.000008491  575.287051973
   0.002322326    0.000008499  572.179697434
   0.002313452    0.000008506  569.089126955
   0.002304635    0.000008513  566.015249879
   0.002295874    0.000008521  562.957976037
   0.002287167    0.000008528  559.917215748
   0.002278516    0.000008536  556.892879818
   0.002269918    0.000008543  553.884879530
   0.002261375    0.000008551  550.893126651
   0.002252885    0.000008558  547.917533420
   0.002244449    0.000008565  544.958012554
   0.002236066    0.000008573  542.014477239
   0.002227735    0.000008580  539.086841131
   0.002219456    0.000008588  536.175018352
   0.002211230    0.000008595  533.278923487
   0.002203055    0.000008602  530.398471585
   0.002194931    0.000008610  527.533578150
   0.002186858    0.000008617  524.684159147
   0.002178836    0.000008625  521.850130990
   0.002170864    0.000008632  519.031410549
   0.002162943    0.000008640  516.227915139
   0.002155071    0.000008647  513.439562525
   0.002147249    0.000008654  510.666270915
   0.002139476    0.000008662  507.907958957
   0.002131752    0.000008669  505.164545740
   0.002124077    0.000008677  502.435950792
   0.002116451    0.000008684  499.722094072
   0.002108872    0.000008691  497.022895972
   0.002101342    0.000008699  494.338277317
   0.002093860    0.000008706  491.668159357
   0.002086425    0.000008714  489.012463768
   0.002079038    0.000008721  486.371112648
   0.002071698    0.000008729  483.744028519
   0.002064405    0.000008736  481.131134316
   0.002057159    0.000008743  478.532353397
   0.002049959    0.000008751  475.947609528
   0.002042806    0.000008758  473.376826891
   0.002035698    0.000008766  470.819930075
   0.002028637    0.000008773  468.276844077
   0.002021622    0.000008781  465.747494300
   0.002014652    0.000008788  463.231806548
   0.002007728    0.000008795  460.729707028
   0.002000849    0.000008803  458.241122344
   0.001994015    0.000008810  455.765979498
   0.001987226    0.000008818  453.304205884
   0.001980482    0.000008825  450.855729290
   0.001973782    0.000008832  448.420477893
   0.001967127    0.000008840  445.998380260
   0.001960516    0.000008847  443.589365340
   0.001953949    0.000008855  441.193362470
   0.001947427    0.000008862  438.810301366
   0.001940948    0.000008870  436.440112124
   0.001934513    0.000008877  434.082725218
   0.001928121    0.000008884  431.738071498
   0.001921773    0.000008892  429.406082187
   0.001915468    0.000008899  427.086688879
   0.001909206    0.000008907  424.779823539
   0.001902987    0.000008914  422.485418497
   0.001896811    0.000008921  420.203406450
   0.001890678    0.000008929  417.933720460
   0.001884588    0.000008936  415.676293948
   0.001878539    0.000008944  413.431060696
   0.001872533    0.000008951  411.197954843
   0.001866570    0.000008959  408.976910884
   0.001860648    0.000008966  406.767863669
   0.001854768    0.000008973  404.570748397
   0.001848930    0.000008981  402.385500620
   0.001843134    0.000008988  400.212056237
   0.001837379    0.000008996  398.050351493
   0.001831666    0.000009003  395.900322978
   0.001825993    0.000009010  393.761907623
   0.001820362    0.000009018  391.635042701
   0.001814772    0.000009025  389.519665824
   0.001809223    0.000009032  387.415714940
   0.001803714    0.000009040  385.323128333
   0.001798246    0.000009047  383.241844620
   0.001792819    0.000009055  381.171802749
   0.001787432    0.000009062  379.112941999
   0.001782085    0.000009069  377.065201976
   0.001776778    0.000009077  375.028522612
   0.001771511    0.000009084  373.002844166
   0.001766284    0.000009091  370.988107215
   0.001761096    0.000009099  368.984252661
   0.001755948    0.000009106  366.991221724
   0.001750839    0.000009113  365.008955941
   0.001745769    0.000009121  363.037397166
   0.001740739    0.000009128  361.076487564
   0.001735747    0.000009135  359.126169617
   0.001730795    0.000009143  357.186386113
   0.001725881    0.000009150  355.257080153
   0.001721005    0.000009157  353.338195143
   0.001716168    0.000009165  351.429674796
   0.001711369    0.000009172  349.531463127
   0.001706608    0.000009179  347.643504455
   0.001701884    0.000009187  345.765743401
   0.001697199    0.000009194  343.898124881
   0.001692551    0.000009201  342.040594114
   0.001687941    0.000009208  340.193096610
   0.001683368    0.000009216  338.355578176
   0.001678832    0.000009223  336.527984911
   0.001674333    0.000009230  334.710263206
   0.001669870    0.000009237  332.902359739
   0.001665445    0.000009245  331.104221479
   0.001661055    0.000009252  329.315795680
   0.001656702    0.000009259  327.537029882
   0.001652386    0.000009266  325.767871906
   0.001648105    0.000009274  324.008269857
   0.001643860    0.000009281  322.258172120
   0.001639650    0.000009288  320.517527358
   0.001635476    0.000009295  318.786284511
   0.001631337    0.000009302  317.064392797
   0.001627233    0.000009310  315.351801706
   0.001623164    0.000009317  313.648461002
   0.001619130    0.000009324  311.954320719
   0.001615130    0.000009331  310.269331163
   0.001611165    0.000009338  308.593442906
   0.001607234    0.000009345  306.926606790
   0.001603336    0.000009353  305.268773920
   0.001599473    0.000009360  303.619895665
   0.001595643    0.000009367  301.979923659
   0.001591846    0.000009374  300.348809795
   0.001588083    0.000009381  298.726506226
   0.001584352    0.000009388  297.112965365
   0.001580655    0.000009395  295.508139882
   0.001576990    0.000009402  293.911982700
   0.001573357    0.000009409  292.324446999
   0.001569757    0.000009416  290.745486210
   0.001566188    0.000009424  289.175054018
   0.001562651    0.000009431  287.613104355
   0.001559146    0.000009438  286.059591405
   0.001555673    0.000009445  284.514469598
   0.001552230    0.000009452  282.977693608
   0.001548819    0.000009459  281.449218358
   0.001545438    0.000009466  279.928999012
   0.001542088    0.000009473  278.416990976
   0.001538768    0.000009480  276.913149898
   0.001535478    0.000009487  275.417431664
   0.001532218    0.000009494  273.929792401
   0.001528988    0.000009501  272.450188469
   0.001525787    0.000009508  270.978576468
   0.001522616    0.000009515  269.514913230
   0.001519473    0.000009522  268.059155820
   0.001516360    0.000009529  266.611261535
   0.001513275    0.000009535  265.171187905
   0.001510218    0.000009542  263.738892685
   0.001507190    0.000009549  262.314333863
   0.001504189    0.000009556  260.897469650
   0.001501217    0.000009563  259.488258486
   0.001498272    0.000009570  258.086659032
   0.001495354    0.000009577  256.692630175
   0.001492463    0.000009584  255.306131024
   0.001489599    0.000009591  253.927120907
   0.001486762    0.000009598  252.555559372
   0.001483951    0.000009604  251.191406188
   0.001481166    0.000009611  249.834621339
   0.001478408    0.000009618  248.485165025
   0.001475675    0.000009625  247.142997662
   0.001472967    0.000009632  245.808079880
   0.001470285    0.000009639  244.480372521
   0.001467628    0.000009645  243.159836638
   0.001464996    0.000009652  241.846433495
   0.001462389    0.000009659  240.540124566
   0.001459805    0.000009666  239.240871532
   0.001457247    0.000009673  237.948636281
   0.001454712    0.000009679  236.663380907
   0.001452200    0.000009686  235.385067710
   0.001449713    0.000009693  234.113659191
   0.001447248    0.000009700  232.849118056
   0.001444807    0.000009706  231.591407212
   0.001442389    0.000009713  230.340489765
   0.001439993    0.000009720  229.096329022
   0.001437620    0.000009727  227.858888486
   0.001435268    0.000009733  226.628131859
   0.001432939    0.000009740  225.404023040
   0.001430632    0.000009747  224.186526120
   0.001428346    0.000009753  222.975605385
   0.001426082    0.000009760  221.771225316
   0.001423838    0.000009767  220.573350583
   0.001421616    0.000009773  219.381946049
   0.001419414    0.000009780  218.196976766
   0.001417232    0.000009787  217.018407974
   0.001415071    0.000009793  215.846205101
   0.001412930    0.000009800  214.680333763
   0.001410809    0.000009807  213.520759760
   0.001408708    0.000009813  212.367449079
   0.001406625    0.000009820  211.220367888
   0.001404562    0.000009827  210.079482539
   0.001402518    0.000009833  208.944759567
   0.001400493    0.000009840  207.816165685
   0.001398486    0.000009847  206.693667789
   0.001396498    0.000009853  205.577232951
   0.001394528    0.000009860  204.466828422
   0.001392576    0.000009867  203.362421630
   0.001390641    0.000009873  202.263980180
   0.001388724    0.000009880  201.171471849
   0.001386825    0.000009887  200.084864591
   0.001384943    0.000009893  199.004126532
   0.001383077    0.000009900  197.929225969
   0.001381228    0.000009906  196.860131373
   0.001379396    0.000009913  195.796811382
   0.001377581    0.000009920  194.739234806
   0.001375781    0.000009926  193.687370623
   0.001373997    0.000009933  192.641187977
   0.001372230    0.000009939  191.600656180
   0.001370477    0.000009946  190.565744710
   0.001368740    0.000009953  189.536423209
   0.001367019    0.000009959  188.512661484
   0.001365312    0.000009966  187.494429503
   0.001363620    0.000009973  186.481697399
   0.001361943    0.000009979  185.474435465
   0.001360281    0.000009986  184.472614154
   0.001358632    0.000009992  183.476204078
   0.001356998    0.000009999  182.485176010
   0.001355378    0.000010006  181.499500880
   0.001353771    0.000010012  180.519149774
   0.001352178    0.000010019  179.544093934
   0.001350599    0.000010026  178.574304760
   0.001349032    0.000010032  177.609753803
   0.001347479    0.000010039  176.650412770
   0.001345939    0.000010046  175.696253521
   0.001344411    0.000010052  174.747248065
   0.001342896    0.000010059  173.803368566
   0.001341393    0.000010066  172.864587336
   0.001339903    0.000010072  171.930876838
   0.001338424    0.000010079  171.002209682
   0.001336957    0.000010086  170.078558627
   0.001335503    0.000010092  169.159896579
   0.001334059    0.000010099  168.246196591
   0.001332627    0.000010106  167.337431861
   0.001331207    0.000010112  166.433575731
   0.001329797    0.000010119  165.534601688
   0.001328398    0.000010126  164.640483362
   0.001327011    0.000010133  163.751194526
   0.001325633    0.000010139  162.866709092
   0.001324267    0.000010146  161.987001117
   0.001322910    0.000010153  161.112044795
   0.001321564    0.000010160  160.241814460
   0.001320228    0.000010167  159.376284587
   0.001318902    0.000010173  158.515429784
   0.001317585    0.000010180  157.659224802
   0.001316278    0.000010187  156.807644524
   0.001314981    0.000010194  155.960663970
   0.001313693    0.000010201  155.118258295
   0.001312414    0.000010208  154.280402790
   0.001311144    0.000010215  153.447072875
   0.001309883    0.000010221  152.618244107
   0.001308631    0.000010228  151.793892174
   0.001307388    0.000010235  150.973992894
   0.001306153    0.000010242  150.158522216
   0.001304926    0.000010249  149.347456221
   0.001303708    0.000010256  148.540771116
   0.001302498    0.000010263  147.738443238
   0.001301296    0.000010270  146.940449053
   0.001300102    0.000010277  146.146765153
   0.001298916    0.000010284  145.357368255
   0.001297737    0.000010291  144.572235205
   0.001296566    0.000010299  143.791342971
   0.001295402    0.000010306  143.014668647
   0.001294246    0.000010313  142.242189450
   0.001293096    0.000010320  141.473882721
   0.001291954    0.000010327  140.709725923
   0.001290819    0.000010334  139.949696641
   0.001289691    0.000010342  139.193772579
   0.001288569    0.000010349  138.441931564
   0.001287454    0.000010356  137.694151542
   0.001286346    0.000010363  136.950410578
   0.001285243    0.000010371  136.210686855
   0.001284148    0.000010378  135.474958674
   0.001283058    0.000010385  134.743204455
   0.001281975    0.000010393  134.015402731
   0.001280898    0.000010400  133.291532155
   0.001279826    0.000010408  132.571571492
   0.001278760    0.000010415  131.855499623
   0.001277700    0.000010423  131.143295543
   0.001276646    0.000010430  130.434938362
   0.001275597    0.000010438  129.730407300
   0.001274554    0.000010446  129.029681691
   0.001273516    0.000010453  128.332740980
   0.001272483    0.000010461  127.639564723
   0.001271456    0.000010469  126.950132588
   0.001270433    0.000010476  126.264424350
   0.001269416    0.000010484  125.582419895
   0.001268403    0.000010492  124.904099218
   0.001267395    0.000010500  124.229442422
   0.001266392    0.000010508  123.558429715
   0.001265394    0.000010516  122.891041416
   0.001264400    0.000010523  122.227257946
   0.001263410    0.000010531  121.567059836
   0.001262425    0.000010539  120.910427718
   0.001261445    0.000010548  120.257342332
   0.001260468    0.000010556  119.607784521
   0.001259496    0.000010564  118.961735230
   0.001258528    0.000010572  118.319175508
   0.001257564    0.000010580  117.680086508
   0.001256604    0.000010589  117.044449481
   0.001255648    0.000010597  116.412245784
   0.001254696    0.000010605  115.783456871
   0.001253747    0.000010614  115.158064297
   0.001252802    0.000010622  114.536049717
   0.001251861    0.000010631  113.917394886
   0.001250923    0.000010639  113.302081656
   0.001249989    0.000010648  112.690091978
   0.001249058    0.000010656  112.081407900
   0.001248131    0.000010665  111.476011567
   0.001247207    0.000010674  110.873885221
   0.001246286    0.000010683  110.275011200
   0.001245368    0.000010691  109.679371935
   0.001244454    0.000010700  109.086949955
   0.001243542    0.000010709  108.497727883
   0.001242634    0.000010718  107.911688434
   0.001241729    0.000010727  107.328814417
   0.001240826    0.000010736  106.749088735
   0.001239927    0.000010746  106.172494382
   0.001239030    0.000010755  105.599014445
   0.001238136    0.000010764  105.028632101
   0.001237244    0.000010773  104.461330620
   0.001236356    0.000010783  103.897093360
   0.001235469    0.000010792  103.335903771
   0.001234586    0.000010802  102.777745390
   0.001233705    0.000010811  102.222601844
   0.001232826    0.000010821  101.670456851
   0.001231950    0.000010831  101.121294212
   0.001231077    0.000010841  100.575097819
   0.001230205    0.000010850  100.031851651
   0.001229336    0.000010860   99.491539771
   0.001228469    0.000010870   98.954146332
   0.001227605    0.000010880   98.419655568
   0.001226743    0.000010890   97.888051802
   0.001225882    0.000010900   97.359319439
   0.001225024    0.000010911   96.833442971
   0.001224168    0.000010921   96.310406971
   0.001223314    0.000010931   95.790196097
   0.001222462    0.000010942   95.272795089
   0.001221612    0.000010952   94.758188770
   0.001220764    0.000010963   94.246362044
   0.001219918    0.000010974   93.737299899
   0.001219074    0.000010984   93.230987401
   0.001218231    0.000010995   92.727409699
   0.001217391    0.000011006   92.226552020
   0.001216552    0.000011017   91.728399673
   0.001215715    0.000011028   91.232938046
   0.001214879    0.000011039   90.740152604
   0.001214046    0.000011050   90.250028892
   0.001213214    0.000011062   89.762552534
   0.001212383    0.000011073   89.277709230
   0.001211554    0.000011084   88.795484758
   0.001210727    0.000011096   88.315864973
   0.001209902    0.000011107   87.838835804
   0.001209078    0.000011119   87.364383261
   0.001208255    0.000011131   86.892493424
   0.001207434    0.000011143   86.423152453
   0.001206615    0.000011155   85.956346579
   0.001205797    0.000011167   85.492062110
   0.001204980    0.000011179   85.030285426
   0.001204165    0.000011191   84.571002981
   0.001203351    0.000011203   84.114201305
   0.001202539    0.000011216   83.659866996
   0.001201728    0.000011228   83.207986727
   0.001200918    0.000011241   82.758547244
   0.001200110    0.000011253   82.311535363
   0.001199303    0.000011266   81.866937971
   0.001198497    0.000011279   81.424742027
   0.001197692    0.000011292   80.984934559
   0.001196889    0.000011305   80.547502666
   0.001196087    0.000011318   80.112433517
   0.001195286    0.000011331   79.679714350
   0.001194487    0.000011345   79.249332472
   0.001193689    0.000011358   78.821275257
   0.001192892    0.000011372   78.395530151
   0.001192096    0.000011385   77.972084663
   0.001191301    0.000011399   77.550926372
   0.001190508    0.000011413   77.132042926
   0.001189715    0.000011427   76.715422036
   0.001188924    0.000011441   76.301051481
   0.001188134    0.000011455   75.888919107
   0.001187345    0.000011470   75.479012824
   0.001186557    0.000011484   75.071320608
   0.001185770    0.000011498   74.665830500
   0.001184984    0.000011513   74.262530605
   0.001184200    0.000011528   73.861409094
   0.001183416    0.000011543   73.462454200
   0.001182634    0.000011557   73.065654221
   0.001181852    0.000011572   72.670997516
   0.001181072    0.000011588   72.278472509
   0.001180293    0.000011603   71.888067686
   0.001179514    0.000011618   71.499771595
   0.001178737    0.000011634   71.113572846
   0.001177961    0.000011649   70.729460111
   0.001177186    0.000011665   70.347422121
   0.001176411    0.000011681   69.967447670
   0.001175638    0.000011697   69.589525613
   0.001174866    0.000011713   69.213644864
   0.001174094    0.000011729   68.839794396
   0.001173324    0.000011746   68.467963244
   0.001172555    0.000011762   68.098140499
   0.001171786    0.000011779   67.730315315
   0.001171019    0.000011795   67.364476901
   0.001170253    0.000011812   67.000614526
   0.001169487    0.000011829   66.638717516
   0.001168722    0.000011846   66.278775257
   0.001167959    0.000011864   65.920777189
   0.001167196    0.000011881   65.564712811
   0.001166434    0.000011898   65.210571679
   0.001165673    0.000011916   64.858343404
   0.001164913    0.000011934   64.508017655
   0.001164154    0.000011952   64.159584154
   0.001163396    0.000011970   63.813032681
   0.001162639    0.000011988   63.468353071
   0.001161882    0.000012006   63.125535213
   0.001161127    0.000012025   62.784569051
   0.001160372    0.000012043   62.445444582
   0.001159618    0.000012062   62.108151860
   0.001158865    0.000012081   61.772680991
   0.001158113    0.000012100   61.439022133
   0.001157362    0.000012119   61.107165500
   0.001156612    0.000012138   60.777101356
   0.001155862    0.000012157   60.448820021
   0.001155114    0.000012177   60.122311863
   0.001154366    0.000012197   59.797567307
   0.001153619    0.000012217   59.474576825
   0.001152872    0.000012237   59.153330943
   0.001152127    0.000012257   58.833820238
   0.001151382    0.000012277   58.516035338
   0.001150638    0.000012298   58.199966921
   0.001149895    0.000012318   57.885605715
   0.001149153    0.000012339   57.572942499
   0.001148411    0.000012360   57.261968102
   0.001147670    0.000012381   56.952673402
   0.001146930    0.000012402   56.645049325
   0.001146191    0.000012424   56.339086849
   0.001145452    0.000012445   56.034776997
   0.001144714    0.000012467   55.732110845
   0.001143977    0.000012489   55.431079513
   0.001143240    0.000012511   55.131674171
   0.001142504    0.000012533   54.833886036
   0.001141769    0.000012555   54.537706374
   0.001141034    0.000012578   54.243126496
   0.001140300    0.000012601   53.950137762
   0.001139567    0.000012624   53.658731576
   0.001138834    0.000012647   53.368899392
   0.001138102    0.000012670   53.080632706
   0.001137371    0.000012693   52.793923064
   0.001136640    0.000012717   52.508762054
   0.001135909    0.000012741   52.225141313
   0.001135180    0.000012765   51.943052520
   0.001134450    0.000012789   51.662487402
   0.001133722    0.000012813   51.383437727
   0.001132993    0.000012838   51.105895311
   0.001132266    0.000012862   50.829852012
   0.001131538    0.000012887   50.555299732
   0.001130812    0.000012912   50.282230419
   0.001130085    0.000012938   50.010636062
   0.001129359    0.000012963   49.740508695
   0.001128634    0.000012989   49.471840393
   0.001127909    0.000013015   49.204623275
   0.001127184    0.000013041   48.938849504
   0.001126459    0.000013067   48.674511282
   0.001125735    0.000013093   48.411600857
   0.001125012    0.000013120   48.150110516
   0.001124288    0.000013147   47.890032588
   0.001123565    0.000013174   47.631359444
   0.001122842    0.000013201   47.374083497
   0.001122119    0.000013229   47.118197201
   0.001121397    0.000013256   46.863693047
   0.001120675    0.000013284   46.610563573
   0.001119953    0.000013312   46.358801351
   0.001119231    0.000013341   46.108398998
   0.001118509    0.000013369   45.859349167
   0.001117787    0.000013398   45.611644553
   0.001117065    0.000013427   45.365277891
   0.001116344    0.000013457   45.120241954
   0.001115622    0.000013486   44.876529553
   0.001114901    0.000013516   44.634133540
   0.001114179    0.000013546   44.393046804
   0.001113457    0.000013576   44.153262274
   0.001112736    0.000013607   43.914772916
   0.001112014    0.000013637   43.677571733
   0.001111292    0.000013668   43.441651769
   0.001110570    0.000013700   43.207006102
   0.001109847    0.000013731   42.973627850
   0.001109125    0.000013763   42.741510167
   0.001108402    0.000013795   42.510646245
   0.001107679    0.000013827   42.281029310
   0.001106956    0.000013860   42.052652627
   0.001106232    0.000013892   41.825509498
   0.001105508    0.000013926   41.599593260
   0.001104783    0.000013959   41.374897285
   0.001104058    0.000013993   41.151414983
   0.001103333    0.000014026   40.929139798
   0.001102607    0.000014061   40.708065209
   0.001101881    0.000014095   40.488184732
   0.001101154    0.000014130   40.269491918
   0.001100426    0.000014165   40.051980350
   0.001099698    0.000014200   39.835643649
   0.001098969    0.000014236   39.620475469
   0.001098240    0.000014272   39.406469498
   0.001097509    0.000014309   39.193619458
   0.001096778    0.000014345   38.981919106
   0.001096046    0.000014382   38.771362232
   0.001095313    0.000014419   38.561942660
   0.001094580    0.000014457   38.353654246
   0.001093845    0.000014495   38.146490881
   0.001093109    0.000014533   37.940446488
   0.001092373    0.000014572   37.735515022
   0.001091635    0.000014611   37.531690473
   0.001090897    0.000014650   37.328966862
   0.001090157    0.000014690   37.127338242
   0.001089416    0.000014730   36.926798698
   0.001088674    0.000014770   36.727342348
   0.001087930    0.000014811   36.528963341
   0.001087185    0.000014852   36.331655859
   0.001086439    0.000014894   36.135414112
   0.001085692    0.000014936   35.940232346
   0.001084943    0.000014978   35.746104834
   0.001084193    0.000015021   35.553025882
   0.001083441    0.000015064   35.360989826
   0.001082688    0.000015107   35.169991034
   0.001081933    0.000015151   34.980023902
   0.001081176    0.000015195   34.791082858
   0.001080418    0.000015240   34.603162360
   0.001079658    0.000015285   34.416256896
   0.001078896    0.000015331   34.230360982
   0.001078133    0.000015377   34.045469166
   0.001077368    0.000015423   33.861576025
   0.001076600    0.000015470   33.678676164
   0.001075831    0.000015518   33.496764218
   0.001075060    0.000015566   33.315834851
   0.001074287    0.000015614   33.135882755
   0.001073511    0.000015663   32.956902652
   0.001072734    0.000015712   32.778889292
   0.001071954    0.000015762   32.601837453
   0.001071172    0.000015812   32.425741942
   0.001070388    0.000015862   32.250597593
   0.001069601    0.000015914   32.076399268
   0.001068812    0.000015965   31.903141857
   0.001068021    0.000016018   31.730820279
   0.001067227    0.000016070   31.559429479
   0.001066431    0.000016124   31.388964428
   0.001065632    0.000016177   31.219420127
   0.001064830    0.000016232   31.050791602
   0.001064026    0.000016287   30.883073908
   0.001063219    0.000016342   30.716262123
   0.001062409    0.000016398   30.550351355
   0.001061596    0.000016455   30.385336737
   0.001060781    0.000016512   30.221213429
   0.001059962    0.000016570   30.057976617
   0.001059141    0.000016628   29.895621511
   0.001058316    0.000016687   29.734143350
   0.001057489    0.000016747   29.573537397
   0.001056658    0.000016807   29.413798941
   0.001055824    0.000016868   29.254923295
   0.001054987    0.000016929   29.096905801
   0.001054146    0.000016991   28.939741821
   0.001053302    0.000017054   28.783426747
   0.001052455    0.000017117   28.627955993
   0.001051604    0.000017181   28.473324999
   0.001050750    0.000017246   28.319529228
   0.001049892    0.000017311   28.166564169
   0.001049030    0.000017377   28.014425336
   0.001048165    0.000017444   27.863108265
   0.001047296    0.000017512   27.712608517
   0.001046423    0.000017580   27.562921679
   0.001045547    0.000017649   27.414043359
   0.001044666    0.000017718   27.265969190
   0.001043782    0.000017789   27.118694829
   0.001042893    0.000017860   26.972215955
   0.001042001    0.000017932   26.826528272
   0.001041104    0.000018004   26.681627507
   0.001040203    0.000018078   26.537509407
   0.001039298    0.000018152   26.394169748
   0.001038388    0.000018227   26.251604323
   0.001037475    0.000018302   26.109808950
   0.001036556    0.000018379   25.968779471
   0.001035634    0.000018456   25.828511748
   0.001034707    0.000018535   25.689001667
   0.001033775    0.000018614   25.550245135
   0.001032838    0.000018694   25.412238083
   0.001031897    0.000018774   25.274976462
   0.001030951    0.000018856   25.138456246
   0.001030001    0.000018938   25.002673430
   0.001029045    0.000019022   24.867624030
   0.001028085    0.000019106   24.733304087
   0.001027120    0.000019191   24.599709659
   0.001026149    0.000019277   24.466836827
   0.001025174    0.000019364   24.334681695
   0.001024193    0.000019452   24.203240385
   0.001023207    0.000019541   24.072509042
   0.001022216    0.000019631   23.942483831
   0.001021220    0.000019721   23.813160938
   0.001020218    0.000019813   23.684536570
   0.001019211    0.000019906   23.556606953
   0.001018198    0.000020000   23.429368335
   0.001017180    0.000020094   23.302816983
   0.001016156    0.000020190   23.176949186
   0.001015127    0.000020287   23.051761250
   0.001014092    0.000020384   22.927249505
   0.001013051    0.000020483   22.803410297
   0.001012004    0.000020583   22.680239994
   0.001010952    0.000020684   22.557734983
   0.001009893    0.000020786   22.435891670
   0.001008829    0.000020889   22.314706482
   0.001007758    0.000020993   22.194175863
   0.001006682    0.000021098   22.074296278
   0.001005599    0.000021204   21.955064210
   0.001004510    0.000021312   21.836476162
   0.001003415    0.000021420   21.718528656
   0.001002313    0.000021530   21.601218231
   0.001001206    0.000021641   21.484541446
   0.001000091    0.000021752   21.368494879
   0.000998970    0.000021866   21.253075126
   0.000997843    0.000021980   21.138278801
   0.000996709    0.000022095   21.024102536
   0.000995569    0.000022212   20.910542983
   0.000994421    0.000022330   20.797596811
   0.000993267    0.000022449   20.685260706
   0.000992106    0.000022569   20.573531372
   0.000990939    0.000022691   20.462405534
   0.000989764    0.000022814   20.351879930
   0.000988583    0.000022938   20.241951319
   0.000987394    0.000023063   20.132616477
   0.000986198    0.000023189   20.023872195
   0.000984996    0.000023317   19.915715284
   0.000983786    0.000023446   19.808142573
   0.000982568    0.000023577   19.701150904
   0.000981344    0.000023709   19.594737140
   0.000980112    0.000023842   19.488898159
   0.000978873    0.000023976   19.383630856
   0.000977626    0.000024112   19.278932144
   0.000976372    0.000024249   19.174798952
   0.000975111    0.000024387   19.071228224
   0.000973841    0.000024527   18.968216923
   0.000972564    0.000024668   18.865762027
   0.000971280    0.000024811   18.763860531
   0.000969988    0.000024955   18.662509446
   0.000968688    0.000025100   18.561705798
   0.000967380    0.000025247   18.461446631
   0.000966064    0.000025395   18.361729003
   0.000964740    0.000025545   18.262549990
   0.000963408    0.000025696   18.163906683
   0.000962069    0.000025848   18.065796187
   0.000960721    0.000026002   17.968215625
   0.000959365    0.000026158   17.871162135
   0.000958001    0.000026315   17.774632869
   0.000956629    0.000026473   17.678624996
   0.000955248    0.000026633   17.583135700
   0.000953859    0.000026794   17.488162180
   0.000952462    0.000026957   17.393701649
   0.000951056    0.000027122   17.299751338
   0.000949642    0.000027288   17.206308489
   0.000948220    0.000027455   17.113370363
   0.000946789    0.000027624   17.020934232
   0.000945349    0.000027795   16.928997386
   0.000943901    0.000027967   16.837557127
   0.000942445    0.000028140   16.746610774
   0.000940979    0.000028316   16.656155658
   0.000939505    0.000028493   16.566189126
   0.000938022    0.000028671   16.476708539
   0.000936530    0.000028851   16.387711273
   0.000935030    0.000029033   16.299194716
   0.000933520    0.000029216   16.211156272
   0.000932002    0.000029401   16.123593359
   0.000930474    0.000029587   16.036503409
   0.000928938    0.000029775   15.949883865
   0.000927393    0.000029965   15.863732189
   0.000925838    0.000030157   15.778045852
   0.000924275    0.000030350   15.692822341
   0.000922702    0.000030544   15.608059156
   0.000921121    0.000030741   15.523753811
   0.000919530    0.000030939   15.439903833
   0.000917930    0.000031139   15.356506761
   0.000916320    0.000031340   15.273560151
   0.000914702    0.000031543   15.191061568
   0.000913074    0.000031748   15.109008593
   0.000911436    0.000031955   15.027398819
   0.000909790    0.000032163   14.946229852
   0.000908133    0.000032373   14.865499310
   0.000906468    0.000032585   14.785204827
   0.000904793    0.000032798   14.705344046
   0.000903109    0.000033013   14.625914624
   0.000901415    0.000033230   14.546914233
   0.000899711    0.000033449   14.468340554
   0.000897998    0.000033669   14.390191283
   0.000896276    0.000033891   14.312464128
   0.000894544    0.000034115   14.235156808
   0.000892802    0.000034341   14.158267055
   0.000891051    0.000034568   14.081792615
   0.000889290    0.000034797   14.005731243
   0.000887519    0.000035028   13.930080709
   0.000885739    0.000035261   13.854838794
   0.000883949    0.000035495   13.780003291
   0.000882149    0.000035732   13.705572003
   0.000880340    0.000035970   13.631542749
   0.000878521    0.000036210   13.557913357
   0.000876692    0.000036451   13.484681666
   0.000874853    0.000036695   13.411845528
   0.000873005    0.000036940   13.339402808
   0.000871147    0.000037187   13.267351379
   0.000869279    0.000037436   13.195689129
   0.000867401    0.000037686   13.124413956
   0.000865514    0.000037939   13.053523768
   0.000863616    0.000038193   12.983016486
   0.000861709    0.000038449   12.912890042
   0.000859792    0.000038707   12.843142379
   0.000857866    0.000038967   12.773771451
   0.000855929    0.000039228   12.704775223
   0.000853983    0.000039492   12.636151671
   0.000852027    0.000039757   12.567898782
   0.000850061    0.000040024   12.500014554
   0.000848085    0.000040293   12.432496996
   0.000846099    0.000040563   12.365344127
   0.000844104    0.000040836   12.298553977
   0.000842099    0.000041110   12.232124588
   0.000840084    0.000041386   12.166054010
   0.000838059    0.000041664   12.100340306
   0.000836025    0.000041944   12.034981548
   0.000833981    0.000042225   11.969975818
   0.000831927    0.000042509   11.905321211
   0.000829863    0.000042794   11.841015828
   0.000827790    0.000043081   11.777057785
   0.000825706    0.000043370   11.713445204
   0.000823614    0.000043660   11.650176220
   0.000821511    0.000043953   11.587248978
   0.000819399    0.000044247   11.524661630
   0.000817278    0.000044543   11.462412342
   0.000815146    0.000044841   11.400499286
   0.000813005    0.000045141   11.338920648
   0.000810855    0.000045442   11.277674621
   0.000808695    0.000045745   11.216759408
   0.000806526    0.000046050   11.156173222
   0.000804347    0.000046357   11.095914286
   0.000802158    0.000046666   11.035980833
   0.000799960    0.000046976   10.976371104
   0.000797753    0.000047288   10.917083351
   0.000795537    0.000047602   10.858115835
   0.000793311    0.000047918   10.799466826
   0.000791076    0.000048236   10.741134604
   0.000788831    0.000048555   10.683117457
   0.000786578    0.000048876   10.625413684
   0.000784315    0.000049199   10.568021592
   0.000782043    0.000049523   10.510939497
   0.000779762    0.000049849   10.454165726
   0.000777472    0.000050177   10.397698612
   0.000775173    0.000050507   10.341536500
   0.000772865    0.000050839   10.285677742
   0.000770549    0.000051172   10.230120699
   0.000768223    0.000051507   10.174863742
   0.000765888    0.000051843   10.119905249
   0.000763545    0.000052181   10.065243610
   0.000761193    0.000052521   10.010877219
   0.000758833    0.000052863    9.956804484
   0.000756463    0.000053206    9.903023816
   0.000754086    0.000053551    9.849533640
   0.000751699    0.000053898    9.796332385
   0.000749305    0.000054246    9.743418491
   0.000746902    0.000054596    9.690790406
   0.000744490    0.000054947    9.638446587
   0.000742071    0.000055300    9.586385497
   0.000739643    0.000055655    9.534605611
   0.000737207    0.000056011    9.483105407
   0.000734763    0.000056369    9.431883377
   0.000732312    0.000056729    9.380938018
   0.000729852    0.000057090    9.330267835
   0.000727384    0.000057452    9.279871341
   0.000724909    0.000057816    9.229747060
   0.000722426    0.000058182    9.179893519
   0.000719935    0.000058549    9.130309257
   0.000717437    0.000058918    9.080992820
   0.000714931    0.000059288    9.031942760
   0.000712418    0.000059660    8.983157639
   0.000709898    0.000060033    8.934636026
   0.000707370    0.000060407    8.886376498
   0.000704836    0.000060784    8.838377638
   0.000702294    0.000061161    8.790638040
   0.000699745    0.000061540    8.743156302
   0.000697189    0.000061920    8.695931032
   0.000694627    0.000062302    8.648960844
   0.000692058    0.000062685    8.602244361
   0.000689482    0.000063070    8.555780213
   0.000686900    0.000063455    8.509567036
   0.000684311    0.000063843    8.463603474
   0.000681716    0.000064231    8.417888180
   0.000679114    0.000064621    8.372419813
   0.000676507    0.000065012    8.327197038
   0.000673893    0.000065404    8.282218530
   0.000671274    0.000065798    8.237482968
   0.000668648    0.000066193    8.192989041
   0.000666017    0.000066589    8.148735444
   0.000663380    0.000066987    8.104720877
   0.000660738    0.000067385    8.060944051
   0.000658090    0.000067785    8.017403681
   0.000655437    0.000068186    7.974098490
   0.000652778    0.000068588    7.931027208
   0.000650115    0.000068991    7.888188570
   0.000647446    0.000069395    7.845581322
   0.000644772    0.000069801    7.803204212
   0.000642094    0.000070207    7.761055997
   0.000639411    0.000070615    7.719135442
   0.000636723    0.000071023    7.677441317
   0.000634031    0.000071433    7.635972398
   0.000631334    0.000071844    7.594727469
   0.000628634    0.000072255    7.553705320
   0.000625929    0.000072668    7.512904749
   0.000623220    0.000073082    7.472324557
   0.000620507    0.000073496    7.431963556
   0.000617790    0.000073912    7.391820560
   0.000615070    0.000074328    7.351894393
   0.000612346    0.000074745    7.312183882
   0.000609618    0.000075163    7.272687864
   0.000606888    0.000075582    7.233405180
   0.000604154    0.000076002    7.194334677
   0.000601417    0.000076422    7.155475210
   0.000598677    0.000076844    7.116825638
   0.000595934    0.000077266    7.078384827
   0.000593189    0.000077688    7.040151651
   0.000590441    0.000078112    7.002124987
   0.000587691    0.000078536    6.964303721
   0.000584938    0.000078961    6.926686742
   0.000582183    0.000079386    6.889272948
   0.000579426    0.000079813    6.852061240
   0.000576667    0.000080239    6.815050528
   0.000573906    0.000080667    6.778239725
   0.000571144    0.000081095    6.741627752
   0.000568380    0.000081523    6.705213535
   0.000565615    0.000081952    6.668996006
   0.000562848    0.000082382    6.632974102
   0.000560080    0.000082811    6.597146766
   0.000557311    0.000083242    6.561512949
   0.000554541    0.000083673    6.526071603
   0.000551771    0.000084104    6.490821691
   0.000549000    0.000084536    6.455762177
   0.000546228    0.000084968    6.420892034
   0.000543456    0.000085400    6.386210238
   0.000540684    0.000085833    6.351715773
   0.000537911    0.000086266    6.317407626
   0.000535139    0.000086699    6.283284790
   0.000532367    0.000087133    6.249346266
   0.000529595    0.000087567    6.215591058
   0.000526823    0.000088001    6.182018174
   0.000524053    0.000088435    6.148626631
   0.000521282    0.000088869    6.115415450
   0.000518513    0.000089304    6.082383655
   0.000515745    0.000089738    6.049530278
   0.000512977    0.000090173    6.016854355
   0.000510211    0.000090608    5.984354927
   0.000507447    0.000091042    5.952031043
   0.000504684    0.000091477    5.919881752
   0.000501922    0.000091912    5.887906112
   0.000499162    0.000092347    5.856103186
   0.000496404    0.000092782    5.824472040
   0.000493649    0.000093217    5.793011746
   0.000490895    0.000093651    5.761721382
   0.000488144    0.000094086    5.730600029
   0.000485395    0.000094520    5.699646776
   0.000482648    0.000094955    5.668860713
   0.000479905    0.000095389    5.638240938
   0.000477164    0.000095822    5.607786553
   0.000474426    0.000096256    5.577496664
   0.000471692    0.000096690    5.547370382
   0.000468960    0.000097123    5.517406825
   0.000466232    0.000097556    5.487605113
   0.000463507    0.000097988    5.457964372
   0.000460786    0.000098420    5.428483732
   0.000458069    0.000098852    5.399162329
   0.000455356    0.000099284    5.369999302
   0.000452646    0.000099715    5.340993797
   0.000449941    0.000100145    5.312144962
   0.000447240    0.000100575    5.283451951
   0.000444543    0.000101005    5.254913922
   0.000441851    0.000101434    5.226530038
   0.000439163    0.000101863    5.198299468
   0.000436481    0.000102291    5.170221381
   0.000433803    0.000102719    5.142294956
   0.000431130    0.000103146    5.114519373
   0.000428462    0.000103572    5.086893816
   0.000425799    0.000103998    5.059417476
   0.000423142    0.000104423    5.032089547
   0.000420490    0.000104847    5.004909227
